3 3 5 21 29 30 30 30 
2 3 4 12 30 30 30 30 
2 2 3 15 30 30 30 30 
3 6 9 27 30 30 30 30 
2 6 10 21 30 30 30 30 
2 2 2 10 18 24 30 30 
2 3 7 27 30 30 30 30 
2 5 10 18 30 30 30 30 
2 2 5 26 30 30 30 30 
3 4 5 24 30 30 30 30 
2 2 3 23 30 30 30 30 
2 3 12 28 30 30 30 30 
2 3 4 21 30 30 30 30 
2 3 4 9 26 30 30 30 
2 3 5 19 30 30 30 30 
2 3 5 13 26 30 30 30 
2 2 9 29 30 30 30 30 
2 2 2 21 30 30 30 30 
2 5 11 25 30 30 30 30 
2 2 7 16 27 29 30 30 
2 2 3 12 28 30 30 30 
2 4 9 27 30 30 30 30 
2 3 6 24 30 30 30 30 
3 3 6 19 30 30 30 30 
2 3 5 25 30 30 30 30 
2 4 11 27 30 30 30 30 
3 3 7 28 30 30 30 30 
2 5 6 14 27 30 30 30 
3 3 5 15 30 30 30 30 
2 2 4 7 25 28 29 30 
2 2 2 4 30 30 30 30 
2 2 3 17 30 30 30 30 
3 4 6 27 30 30 30 30 
2 2 10 28 30 30 30 30 
2 2 6 15 28 30 30 30 
2 2 3 9 27 30 30 30 
2 2 2 17 29 30 30 30 
3 4 7 25 30 30 30 30 
2 3 5 20 30 30 30 30 
2 2 8 21 30 30 30 30 
2 3 10 18 30 30 30 30 
2 3 5 12 27 30 30 30 
2 4 6 12 19 28 29 30 
2 2 4 22 30 30 30 30 
3 3 9 17 30 30 30 30 
3 3 8 26 30 30 30 30 
2 2 7 20 30 30 30 30 
2 3 8 21 30 30 30 30 
2 2 5 20 30 30 30 30 
2 2 6 18 25 28 30 30 
3 3 6 23 30 30 30 30 
3 3 6 23 30 30 30 30 
2 3 8 11 29 30 30 30 
3 5 8 22 30 30 30 30 
2 3 8 25 30 30 30 30 
3 3 4 27 30 30 30 30 
3 3 6 29 30 30 30 30 
2 3 8 17 29 30 30 30 
3 3 4 18 30 30 30 30 
2 3 6 17 29 30 30 30 
3 3 8 25 30 30 30 30 
2 2 2 17 28 30 30 30 
4 4 9 19 30 30 30 30 
3 3 3 21 30 30 30 30 
2 3 6 12 23 29 30 30 
2 3 8 23 30 30 30 30 
2 5 6 13 30 30 30 30 
2 6 8 15 30 30 30 30 
3 3 6 14 30 30 30 30 
2 3 3 15 30 30 30 30 
3 5 6 20 30 30 30 30 
2 5 6 24 30 30 30 30 
3 6 7 17 30 30 30 30 
2 3 5 17 30 30 30 30 
2 2 3 23 28 30 30 30 
2 2 3 14 30 30 30 30 
3 3 4 16 30 30 30 30 
2 2 5 20 30 30 30 30 
3 3 3 9 29 30 30 30 
3 3 7 15 30 30 30 30 
3 3 5 20 30 30 30 30 
2 2 3 7 30 30 30 30 
2 3 4 17 30 30 30 30 
2 2 3 22 30 30 30 30 
2 2 2 16 30 30 30 30 
2 3 4 13 25 29 30 30 
2 3 9 25 30 30 30 30 
3 4 6 21 30 30 30 30 
2 3 11 20 30 30 30 30 
2 3 3 21 30 30 30 30 
3 3 6 24 30 30 30 30 
2 4 12 24 30 30 30 30 
3 4 7 23 30 30 30 30 
2 2 4 30 30 30 30 30 
3 3 7 17 29 30 30 30 
2 2 8 18 29 30 30 30 
2 3 6 16 30 30 30 30 
2 2 7 25 30 30 30 30 
2 3 9 26 30 30 30 30 
2 2 5 25 30 30 30 30 
2 2 5 10 30 30 30 30 
2 2 6 8 30 30 30 30 
3 3 5 10 15 23 30 30 
3 4 11 25 30 30 30 30 
3 5 10 26 30 30 30 30 
2 2 4 17 30 30 30 30 
2 2 6 17 30 30 30 30 
2 3 4 19 30 30 30 30 
3 4 7 23 30 30 30 30 
2 3 3 23 30 30 30 30 
2 3 8 17 30 30 30 30 
2 2 4 19 30 30 30 30 
3 3 5 25 30 30 30 30 
2 2 4 6 26 30 30 30 
3 3 6 16 29 30 30 30 
2 3 6 18 29 29 30 30 
4 4 7 15 30 30 30 30 
4 5 6 16 30 30 30 30 
3 3 7 23 30 30 30 30 
2 4 5 15 30 30 30 30 
3 4 4 22 30 30 30 30 
3 3 7 24 30 30 30 30 
2 3 6 13 30 30 30 30 
3 3 5 20 29 29 30 30 
3 3 3 18 27 30 30 30 
2 2 9 17 28 29 30 30 
2 2 3 22 29 30 30 30 
2 2 5 22 30 30 30 30 
2 4 5 15 30 30 30 30 
2 3 6 14 30 30 30 30 
3 4 4 9 29 30 30 30 
2 3 5 10 30 30 30 30 
2 2 3 9 24 30 30 30 
3 3 6 28 30 30 30 30 
2 4 5 14 30 30 30 30 
2 6 11 24 30 30 30 30 
2 5 9 30 30 30 30 30 
2 2 5 15 30 30 30 30 
3 3 4 14 30 30 30 30 
2 2 3 11 27 30 30 30 
3 6 10 16 28 30 30 30 
2 4 7 23 29 30 30 30 
2 5 8 14 27 30 30 30 
3 3 5 19 30 30 30 30 
2 2 4 30 30 30 30 30 
2 2 3 21 30 30 30 30 
2 3 7 19 30 30 30 30 
2 3 5 27 30 30 30 30 
2 4 7 23 30 30 30 30 
2 3 5 14 30 30 30 30 
2 2 5 20 30 30 30 30 
2 2 4 14 24 29 30 30 
3 3 3 26 30 30 30 30 
3 5 7 17 30 30 30 30 
2 4 9 24 30 30 30 30 
3 3 4 21 30 30 30 30 
2 4 8 24 30 30 30 30 
2 4 8 28 30 30 30 30 
3 3 3 12 29 30 30 30 
2 2 2 11 25 30 30 30 
2 3 6 6 10 17 27 27 
2 4 8 20 30 30 30 30 
2 2 3 10 29 30 30 30 
2 3 7 17 30 30 30 30 
3 3 4 19 29 30 30 30 
2 4 4 27 30 30 30 30 
2 3 3 27 30 30 30 30 
2 2 2 19 30 30 30 30 
2 3 7 13 22 28 30 30 
2 3 6 17 27 30 30 30 
2 3 9 15 26 30 30 30 
2 3 3 15 30 30 30 30 
2 2 8 28 30 30 30 30 
2 3 5 20 29 30 30 30 
2 2 3 18 30 30 30 30 
2 5 5 13 27 30 30 30 
3 3 4 15 29 30 30 30 
2 2 3 14 30 30 30 30 
2 3 7 23 30 30 30 30 
2 3 6 28 30 30 30 30 
2 2 4 18 29 30 30 30 
3 3 4 17 30 30 30 30 
2 3 8 21 29 30 30 30 
2 4 7 30 30 30 30 30 
3 4 6 22 30 30 30 30 
3 5 9 23 30 30 30 30 
2 2 5 24 30 30 30 30 
2 2 5 28 30 30 30 30 
3 3 9 14 30 30 30 30 
2 3 4 11 26 30 30 30 
2 3 5 24 30 30 30 30 
2 4 12 21 30 30 30 30 
2 2 7 29 30 30 30 30 
2 2 3 12 30 30 30 30 
2 4 6 15 29 30 30 30 
2 2 4 21 30 30 30 30 
3 6 8 21 30 30 30 30 
2 2 8 14 27 30 30 30 
3 4 7 18 29 30 30 30 
2 3 5 26 30 30 30 30 
2 2 2 14 30 30 30 30 
3 3 3 13 28 30 30 30 
2 4 7 18 30 30 30 30 
2 2 2 19 30 30 30 30 
3 5 7 20 30 30 30 30 
4 4 4 13 30 30 30 30 
2 3 7 23 30 30 30 30 
3 3 3 21 30 30 30 30 
3 3 6 22 30 30 30 30 
3 4 9 25 30 30 30 30 
2 4 6 16 30 30 30 30 
2 3 3 20 30 30 30 30 
2 4 8 20 28 30 30 30 
3 5 7 23 30 30 30 30 
2 3 7 25 30 30 30 30 
3 3 6 16 30 30 30 30 
2 2 2 13 30 30 30 30 
3 3 6 30 30 30 30 30 
2 2 4 14 30 30 30 30 
2 2 4 22 30 30 30 30 
2 2 7 16 30 30 30 30 
2 3 5 7 16 30 30 30 
2 2 2 5 30 30 30 30 
2 4 7 13 28 30 30 30 
2 2 3 22 30 30 30 30 
3 3 9 29 30 30 30 30 
2 2 4 17 30 30 30 30 
2 2 4 11 27 30 30 30 
3 3 4 23 30 30 30 30 
3 4 6 27 30 30 30 30 
2 3 6 19 29 30 30 30 
2 2 8 24 30 30 30 30 
2 2 4 17 30 30 30 30 
3 4 4 18 30 30 30 30 
2 3 4 26 30 30 30 30 
2 2 7 16 30 30 30 30 
2 2 10 29 30 30 30 30 
2 2 7 24 30 30 30 30 
2 2 3 5 15 28 30 30 
2 3 6 26 30 30 30 30 
2 4 7 24 30 30 30 30 
3 3 7 19 30 30 30 30 
2 3 5 18 28 30 30 30 
2 2 3 18 30 30 30 30 
2 2 5 11 30 30 30 30 
2 6 7 25 30 30 30 30 
2 2 4 16 29 30 30 30 
2 2 3 28 30 30 30 30 
2 3 4 18 28 30 30 30 
3 3 7 17 30 30 30 30 
2 2 11 28 30 30 30 30 
2 2 3 22 30 30 30 30 
2 2 5 10 29 30 30 30 
2 3 5 24 30 30 30 30 
2 2 3 19 30 30 30 30 
3 3 7 29 30 30 30 30 
4 5 7 18 30 30 30 30 
2 3 11 26 30 30 30 30 
2 2 8 20 30 30 30 30 
3 3 6 28 30 30 30 30 
2 2 8 23 30 30 30 30 
2 2 5 14 30 30 30 30 
2 2 10 28 30 30 30 30 
2 3 4 20 30 30 30 30 
2 2 5 19 30 30 30 30 
3 3 3 16 28 30 30 30 
2 3 5 13 24 28 30 30 
3 4 4 18 30 30 30 30 
3 3 3 12 28 30 30 30 
2 2 5 17 30 30 30 30 
4 4 8 25 30 30 30 30 
2 4 7 10 28 30 30 30 
4 5 11 20 28 28 28 28 
4 4 10 30 30 30 30 30 
2 2 6 16 27 28 29 30 
2 4 5 17 30 30 30 30 
3 4 6 18 29 30 30 30 
2 2 2 20 30 30 30 30 
3 5 8 15 24 30 30 30 
3 5 6 16 30 30 30 30 
3 4 7 27 30 30 30 30 
2 2 2 22 30 30 30 30 
2 2 7 28 30 30 30 30 
2 5 8 22 30 30 30 30 
2 2 7 22 30 30 30 30 
2 2 2 12 30 30 30 30 
2 4 10 24 30 30 30 30 
2 2 3 22 29 30 30 30 
2 3 5 21 28 29 30 30 
2 3 3 8 29 30 30 30 
2 3 8 21 30 30 30 30 
3 5 8 20 30 30 30 30 
3 3 9 22 30 30 30 30 
3 3 7 16 30 30 30 30 
2 2 6 16 30 30 30 30 
3 4 7 23 30 30 30 30 
2 3 3 19 30 30 30 30 
2 2 5 16 30 30 30 30 
3 3 10 19 30 30 30 30 
2 2 5 14 30 30 30 30 
2 2 8 23 30 30 30 30 
2 5 12 27 30 30 30 30 
2 2 9 13 22 30 30 30 
2 3 6 18 28 29 30 30 
2 2 3 25 30 30 30 30 
2 2 4 9 30 30 30 30 
2 4 6 22 30 30 30 30 
2 2 3 14 30 30 30 30 
3 3 6 27 30 30 30 30 
4 5 6 22 30 30 30 30 
2 3 4 15 30 30 30 30 
2 4 4 16 29 30 30 30 
2 2 2 24 30 30 30 30 
2 2 2 12 30 30 30 30 
2 2 3 13 25 30 30 30 
2 2 8 15 30 30 30 30 
2 2 6 25 30 30 30 30 
2 2 4 22 30 30 30 30 
3 3 6 16 30 30 30 30 
2 2 4 18 29 30 30 30 
3 3 7 28 30 30 30 30 
3 3 3 21 30 30 30 30 
2 2 7 18 30 30 30 30 
2 2 7 27 30 30 30 30 
2 4 10 23 30 30 30 30 
2 2 9 26 30 30 30 30 
2 8 10 20 28 30 30 30 
2 3 9 26 30 30 30 30 
4 6 11 30 30 30 30 30 
2 2 4 22 29 30 30 30 
3 3 4 16 30 30 30 30 
3 4 6 22 30 30 30 30 
2 3 6 23 30 30 30 30 
2 6 8 25 30 30 30 30 
2 2 6 17 30 30 30 30 
2 3 3 9 29 30 30 30 
2 2 4 22 30 30 30 30 
2 2 4 23 30 30 30 30 
2 4 10 25 30 30 30 30 
2 2 4 17 28 28 30 30 
3 3 9 27 30 30 30 30 
2 4 4 20 30 30 30 30 
4 4 7 17 29 30 30 30 
3 4 7 22 30 30 30 30 
2 3 3 11 30 30 30 30 
2 3 4 15 30 30 30 30 
3 3 8 22 30 30 30 30 
2 2 4 21 30 30 30 30 
2 4 7 14 30 30 30 30 
3 4 5 23 30 30 30 30 
2 5 5 11 30 30 30 30 
2 4 5 16 30 30 30 30 
2 2 4 21 30 30 30 30 
2 2 6 20 29 30 30 30 
2 4 4 18 30 30 30 30 
2 2 12 27 30 30 30 30 
3 3 6 16 30 30 30 30 
2 4 6 17 29 30 30 30 
2 3 9 22 29 30 30 30 
2 3 7 12 29 30 30 30 
3 3 4 17 30 30 30 30 
2 4 7 23 30 30 30 30 
2 3 7 23 30 30 30 30 
2 3 8 22 30 30 30 30 
3 4 9 20 29 30 30 30 
2 2 9 20 27 30 30 30 
2 4 4 19 30 30 30 30 
2 4 9 27 30 30 30 30 
2 2 7 24 30 30 30 30 
3 4 6 19 29 30 30 30 
2 2 4 10 29 30 30 30 
2 2 2 24 30 30 30 30 
2 3 4 16 27 30 30 30 
2 2 6 16 28 30 30 30 
2 5 9 19 27 30 30 30 
2 3 5 14 30 30 30 30 
3 6 11 28 30 30 30 30 
2 2 3 13 30 30 30 30 
2 2 7 24 30 30 30 30 
2 2 3 19 30 30 30 30 
3 5 6 19 30 30 30 30 
2 3 8 23 30 30 30 30 
2 4 9 17 30 30 30 30 
2 3 5 20 30 30 30 30 
2 4 4 12 30 30 30 30 
4 4 4 13 28 29 30 30 
3 3 6 23 30 30 30 30 
2 3 10 21 30 30 30 30 
2 3 3 5 30 30 30 30 
2 3 7 23 29 30 30 30 
2 5 13 22 30 30 30 30 
2 2 8 26 30 30 30 30 
2 2 3 11 29 30 30 30 
2 2 3 15 27 30 30 30 
2 2 2 17 30 30 30 30 
3 3 5 24 30 30 30 30 
4 5 7 26 30 30 30 30 
2 2 2 17 30 30 30 30 
3 6 6 21 30 30 30 30 
2 3 10 28 30 30 30 30 
2 2 4 22 30 30 30 30 
3 3 5 25 30 30 30 30 
2 2 4 11 29 30 30 30 
2 2 2 11 29 30 30 30 
2 2 4 15 27 30 30 30 
2 2 6 21 30 30 30 30 
2 2 7 19 30 30 30 30 
2 3 8 21 29 30 30 30 
2 2 2 16 29 30 30 30 
2 2 4 13 28 29 30 30 
2 3 6 21 30 30 30 30 
2 3 11 28 30 30 30 30 
3 3 3 13 30 30 30 30 
2 3 4 22 30 30 30 30 
2 3 4 16 29 30 30 30 
2 2 2 22 30 30 30 30 
2 5 8 17 30 30 30 30 
3 4 11 30 30 30 30 30 
2 2 3 22 30 30 30 30 
2 2 3 15 30 30 30 30 
2 2 3 25 30 30 30 30 
2 2 8 23 30 30 30 30 
3 3 6 23 28 30 30 30 
2 3 4 16 30 30 30 30 
2 3 4 20 30 30 30 30 
2 2 4 19 30 30 30 30 
2 3 7 20 30 30 30 30 
3 4 8 23 30 30 30 30 
3 4 6 19 30 30 30 30 
3 5 6 17 30 30 30 30 
2 4 10 18 29 30 30 30 
2 3 7 25 30 30 30 30 
3 4 5 17 30 30 30 30 
2 2 3 22 29 30 30 30 
2 2 2 7 27 30 30 30 
2 3 6 25 30 30 30 30 
2 3 8 20 30 30 30 30 
2 3 5 23 30 30 30 30 
2 2 7 26 30 30 30 30 
2 3 3 27 30 30 30 30 
3 3 4 13 22 22 28 30 
2 3 7 21 30 30 30 30 
2 4 9 23 30 30 30 30 
3 4 7 22 30 30 30 30 
2 3 7 21 29 30 30 30 
2 3 4 27 30 30 30 30 
4 4 4 7 22 30 30 30 
2 2 7 23 30 30 30 30 
3 5 9 22 30 30 30 30 
2 3 4 12 30 30 30 30 
3 3 4 24 30 30 30 30 
2 4 5 23 30 30 30 30 
3 4 4 21 30 30 30 30 
2 2 2 7 17 27 29 30 
2 2 2 24 30 30 30 30 
3 3 5 24 30 30 30 30 
3 4 4 21 30 30 30 30 
2 3 7 21 30 30 30 30 
2 2 5 23 29 30 30 30 
2 2 5 13 24 29 29 30 
2 3 6 21 30 30 30 30 
2 2 2 7 29 30 30 30 
2 2 6 25 29 30 30 30 
2 3 4 10 26 30 30 30 
3 3 3 11 24 30 30 30 
2 3 4 10 28 30 30 30 
2 3 8 12 29 29 30 30 
3 4 4 14 30 30 30 30 
2 2 4 15 29 30 30 30 
2 4 5 26 30 30 30 30 
2 3 6 22 30 30 30 30 
2 2 3 9 30 30 30 30 
3 5 9 20 30 30 30 30 
2 2 6 18 24 30 30 30 
2 3 9 23 30 30 30 30 
2 2 10 23 30 30 30 30 
2 3 9 18 28 30 30 30 
2 3 5 26 30 30 30 30 
2 3 3 8 24 30 30 30 
4 5 5 7 29 30 30 30 
2 2 3 15 30 30 30 30 
3 3 5 21 28 30 30 30 
2 2 3 16 29 30 30 30 
3 3 6 26 30 30 30 30 
2 5 10 21 30 30 30 30 
3 4 8 27 30 30 30 30 
2 6 9 20 27 30 30 30 
3 3 5 19 30 30 30 30 
2 4 6 11 26 30 30 30 
2 2 3 9 30 30 30 30 
2 2 9 21 30 30 30 30 
2 3 6 14 25 30 30 30 
2 4 5 19 30 30 30 30 
2 5 5 20 30 30 30 30 
2 2 2 13 29 30 30 30 
2 3 7 23 30 30 30 30 
2 2 2 17 30 30 30 30 
2 2 8 25 29 30 30 30 
3 4 5 21 30 30 30 30 
3 3 4 8 28 30 30 30 
2 2 4 17 30 30 30 30 
2 3 6 23 30 30 30 30 
3 5 10 23 30 30 30 30 
2 4 5 19 30 30 30 30 
2 3 3 18 30 30 30 30 
2 3 13 27 30 30 30 30 
2 2 3 25 30 30 30 30 
2 2 2 25 30 30 30 30 
2 3 3 26 30 30 30 30 
3 5 6 17 30 30 30 30 
2 3 6 15 30 30 30 30 
3 4 6 26 30 30 30 30 
2 2 7 19 30 30 30 30 
2 3 8 17 30 30 30 30 
3 5 7 27 30 30 30 30 
2 3 5 16 30 30 30 30 
3 4 4 19 30 30 30 30 
3 3 3 8 30 30 30 30 
2 4 5 13 26 29 30 30 
2 3 3 24 30 30 30 30 
3 3 3 12 25 30 30 30 
2 2 4 23 30 30 30 30 
2 2 2 16 30 30 30 30 
2 2 7 25 30 30 30 30 
2 3 4 26 30 30 30 30 
2 2 4 25 30 30 30 30 
3 4 4 8 30 30 30 30 
2 2 3 20 27 30 30 30 
3 3 7 19 30 30 30 30 
2 3 7 24 30 30 30 30 
2 3 6 15 23 28 30 30 
2 2 7 22 30 30 30 30 
2 2 2 16 30 30 30 30 
2 2 4 11 30 30 30 30 
2 3 4 27 30 30 30 30 
2 3 6 29 30 30 30 30 
2 3 4 9 30 30 30 30 
2 2 6 24 30 30 30 30 
3 3 5 10 24 28 30 30 
3 3 3 10 24 28 30 30 
2 2 4 8 30 30 30 30 
2 2 8 22 30 30 30 30 
3 3 3 9 30 30 30 30 
3 4 12 26 29 30 30 30 
2 2 5 28 30 30 30 30 
3 3 7 23 30 30 30 30 
2 3 8 27 30 30 30 30 
2 3 7 18 29 30 30 30 
2 2 7 17 29 30 30 30 
2 4 6 18 30 30 30 30 
2 3 4 9 29 30 30 30 
2 3 6 21 30 30 30 30 
4 4 6 18 29 30 30 30 
2 4 7 19 30 30 30 30 
2 2 5 19 30 30 30 30 
2 2 4 19 30 30 30 30 
2 2 8 25 30 30 30 30 
2 4 9 26 30 30 30 30 
2 4 5 12 29 30 30 30 
2 3 8 24 29 30 30 30 
2 3 7 20 30 30 30 30 
3 4 6 13 30 30 30 30 
2 5 5 24 30 30 30 30 
2 3 3 15 30 30 30 30 
2 2 5 23 30 30 30 30 
2 2 5 25 30 30 30 30 
2 2 4 18 30 30 30 30 
4 5 6 22 30 30 30 30 
2 2 7 25 30 30 30 30 
2 4 8 26 30 30 30 30 
3 5 6 16 30 30 30 30 
3 4 6 27 30 30 30 30 
3 3 3 16 30 30 30 30 
2 4 10 29 30 30 30 30 
3 4 10 21 30 30 30 30 
2 3 4 18 30 30 30 30 
2 3 5 9 27 30 30 30 
2 2 9 26 29 30 30 30 
2 3 3 12 30 30 30 30 
2 4 6 24 29 30 30 30 
2 2 3 6 25 30 30 30 
3 3 4 14 30 30 30 30 
2 2 6 18 30 30 30 30 
3 5 7 25 30 30 30 30 
2 4 8 29 30 30 30 30 
2 6 8 21 30 30 30 30 
2 2 3 15 30 30 30 30 
2 2 5 19 30 30 30 30 
2 2 3 17 29 30 30 30 
3 5 6 16 30 30 30 30 
2 3 5 16 30 30 30 30 
3 3 8 15 28 30 30 30 
2 2 4 17 30 30 30 30 
2 2 9 22 30 30 30 30 
2 4 4 19 30 30 30 30 
2 4 5 24 30 30 30 30 
3 3 4 9 30 30 30 30 
2 2 2 22 30 30 30 30 
3 3 4 13 30 30 30 30 
2 3 8 23 29 30 30 30 
2 2 4 19 30 30 30 30 
3 3 10 29 30 30 30 30 
2 2 3 13 29 30 30 30 
2 2 4 20 30 30 30 30 
2 2 6 11 29 30 30 30 
2 2 4 26 30 30 30 30 
2 2 2 16 30 30 30 30 
2 2 5 16 29 30 30 30 
2 4 9 11 27 30 30 30 
2 3 4 16 30 30 30 30 
3 3 3 19 30 30 30 30 
2 2 5 16 30 30 30 30 
3 3 5 23 29 30 30 30 
2 2 4 21 30 30 30 30 
2 2 3 23 29 30 30 30 
2 3 6 25 30 30 30 30 
4 4 7 25 29 30 30 30 
2 4 11 27 30 30 30 30 
3 5 9 19 30 30 30 30 
2 3 4 13 30 30 30 30 
2 3 6 18 30 30 30 30 
2 2 5 13 29 30 30 30 
2 2 7 13 29 30 30 30 
3 5 6 14 30 30 30 30 
2 2 7 18 30 30 30 30 
3 3 5 20 30 30 30 30 
2 3 5 9 30 30 30 30 
2 2 5 20 29 30 30 30 
2 2 4 26 30 30 30 30 
3 4 9 18 29 30 30 30 
2 2 4 16 30 30 30 30 
2 2 8 22 30 30 30 30 
3 3 4 26 30 30 30 30 
3 3 4 28 30 30 30 30 
2 3 6 28 30 30 30 30 
3 4 8 24 29 30 30 30 
2 2 5 10 30 30 30 30 
2 2 5 20 30 30 30 30 
2 3 7 21 30 30 30 30 
2 2 3 17 30 30 30 30 
2 2 2 19 30 30 30 30 
2 2 3 13 29 30 30 30 
3 4 6 13 30 30 30 30 
2 4 5 9 22 30 30 30 
2 2 7 22 30 30 30 30 
3 4 4 12 28 30 30 30 
3 3 5 8 26 30 30 30 
2 4 8 24 30 30 30 30 
2 3 5 19 30 30 30 30 
2 2 4 16 27 30 30 30 
2 2 5 13 28 29 30 30 
3 4 6 13 30 30 30 30 
2 3 5 20 30 30 30 30 
2 2 3 7 25 30 30 30 
3 5 6 22 30 30 30 30 
2 2 2 6 30 30 30 30 
2 2 3 13 30 30 30 30 
2 3 5 8 27 30 30 30 
2 3 7 22 28 30 30 30 
3 5 9 27 30 30 30 30 
2 2 3 16 30 30 30 30 
2 2 9 20 27 30 30 30 
2 2 2 16 30 30 30 30 
2 2 8 13 30 30 30 30 
2 2 3 4 20 30 30 30 
2 2 6 14 30 30 30 30 
3 3 6 18 30 30 30 30 
2 2 7 28 30 30 30 30 
2 2 8 24 30 30 30 30 
3 3 10 23 30 30 30 30 
2 2 2 13 29 30 30 30 
2 2 3 13 29 30 30 30 
3 4 6 11 30 30 30 30 
3 4 9 27 30 30 30 30 
2 3 7 21 30 30 30 30 
2 2 8 20 30 30 30 30 
2 3 5 22 30 30 30 30 
2 3 3 6 27 30 30 30 
2 2 3 14 25 30 30 30 
2 3 5 20 30 30 30 30 
4 4 8 25 30 30 30 30 
3 5 6 15 30 30 30 30 
2 2 5 14 25 30 30 30 
2 2 6 21 30 30 30 30 
2 4 9 27 30 30 30 30 
2 2 4 12 30 30 30 30 
2 2 3 21 29 30 30 30 
2 2 2 9 29 30 30 30 
2 3 10 25 29 30 30 30 
2 5 9 26 30 30 30 30 
2 3 7 30 30 30 30 30 
2 2 7 27 30 30 30 30 
2 2 4 18 29 30 30 30 
2 4 6 23 30 30 30 30 
3 3 4 14 30 30 30 30 
3 5 12 26 30 30 30 30 
2 3 4 25 30 30 30 30 
3 6 8 27 30 30 30 30 
2 2 7 21 30 30 30 30 
2 5 11 26 30 30 30 30 
2 2 10 25 30 30 30 30 
2 2 4 12 30 30 30 30 
2 3 4 10 28 30 30 30 
2 5 12 17 30 30 30 30 
3 6 9 17 30 30 30 30 
2 3 3 13 30 30 30 30 
2 3 8 21 25 30 30 30 
2 3 5 15 27 29 30 30 
3 4 9 18 30 30 30 30 
2 3 6 13 30 30 30 30 
3 3 5 21 30 30 30 30 
2 3 5 21 30 30 30 30 
2 3 4 19 30 30 30 30 
3 6 9 10 23 29 30 30 
2 2 6 26 30 30 30 30 
2 2 7 25 30 30 30 30 
2 2 2 10 26 30 30 30 
2 2 4 21 30 30 30 30 
3 5 12 24 30 30 30 30 
2 4 6 26 30 30 30 30 
4 4 13 28 30 30 30 30 
2 2 2 25 30 30 30 30 
2 2 4 15 30 30 30 30 
2 2 2 16 30 30 30 30 
2 2 4 17 29 30 30 30 
3 4 10 27 30 30 30 30 
2 4 6 13 28 30 30 30 
2 2 2 24 30 30 30 30 
2 5 6 25 30 30 30 30 
2 3 6 22 30 30 30 30 
2 3 6 12 29 30 30 30 
3 4 5 28 30 30 30 30 
2 3 5 11 30 30 30 30 
3 4 6 21 30 30 30 30 
2 2 2 16 28 30 30 30 
2 2 2 23 30 30 30 30 
3 4 9 25 30 30 30 30 
2 3 4 14 30 30 30 30 
2 3 5 19 30 30 30 30 
2 2 8 27 30 30 30 30 
3 3 6 19 30 30 30 30 
2 2 4 9 16 20 25 25 
2 2 6 20 30 30 30 30 
2 2 6 18 30 30 30 30 
2 2 9 25 30 30 30 30 
3 3 3 11 26 30 30 30 
2 3 6 18 30 30 30 30 
2 3 5 14 30 30 30 30 
3 4 6 15 30 30 30 30 
3 7 11 26 30 30 30 30 
4 5 9 14 30 30 30 30 
3 3 7 17 30 30 30 30 
2 3 5 20 30 30 30 30 
2 2 8 30 30 30 30 30 
2 2 3 25 30 30 30 30 
2 3 3 10 26 30 30 30 
2 2 5 12 30 30 30 30 
3 4 8 19 30 30 30 30 
3 4 6 10 21 30 30 30 
3 5 7 15 29 30 30 30 
2 3 3 23 30 30 30 30 
3 4 8 20 30 30 30 30 
2 3 3 11 30 30 30 30 
2 4 5 25 30 30 30 30 
2 2 4 26 30 30 30 30 
2 2 7 18 30 30 30 30 
2 2 5 22 30 30 30 30 
2 2 5 16 30 30 30 30 
2 2 2 17 30 30 30 30 
3 3 7 25 30 30 30 30 
2 4 8 18 29 30 30 30 
3 3 4 20 30 30 30 30 
2 4 4 17 29 30 30 30 
3 3 7 24 30 30 30 30 
2 2 5 20 30 30 30 30 
2 3 6 24 30 30 30 30 
4 5 5 11 29 30 30 30 
2 5 5 18 30 30 30 30 
2 2 2 29 30 30 30 30 
2 3 5 19 30 30 30 30 
2 3 12 28 30 30 30 30 
3 3 5 17 30 30 30 30 
2 2 4 20 30 30 30 30 
2 3 7 18 30 30 30 30 
2 4 10 28 30 30 30 30 
3 4 5 20 29 30 30 30 
2 2 2 15 30 30 30 30 
2 5 7 20 29 30 30 30 
3 3 7 12 30 30 30 30 
2 3 4 24 30 30 30 30 
2 3 5 23 30 30 30 30 
2 2 7 26 30 30 30 30 
2 2 6 12 29 30 30 30 
2 2 2 24 30 30 30 30 
2 3 6 28 30 30 30 30 
2 4 5 22 30 30 30 30 
2 2 2 11 30 30 30 30 
3 3 6 13 26 30 30 30 
4 4 10 22 30 30 30 30 
2 3 3 15 30 30 30 30 
2 2 5 9 22 30 30 30 
2 3 10 30 30 30 30 30 
2 2 3 16 30 30 30 30 
3 3 6 19 30 30 30 30 
2 3 6 24 30 30 30 30 
3 3 3 20 30 30 30 30 
2 3 9 25 30 30 30 30 
3 5 6 27 30 30 30 30 
2 2 4 18 30 30 30 30 
2 2 2 13 30 30 30 30 
2 4 8 25 29 30 30 30 
3 3 5 21 30 30 30 30 
2 2 9 21 30 30 30 30 
2 2 3 7 19 30 30 30 
2 6 7 23 30 30 30 30 
2 3 3 18 27 30 30 30 
2 2 5 18 29 30 30 30 
2 3 6 12 17 20 30 30 
3 3 4 10 21 26 28 30 
2 3 7 26 30 30 30 30 
2 4 5 22 30 30 30 30 
2 5 10 25 30 30 30 30 
2 3 7 28 30 30 30 30 
2 2 5 14 30 30 30 30 
2 3 7 21 28 30 30 30 
2 2 6 22 30 30 30 30 
2 4 4 23 30 30 30 30 
2 5 6 23 30 30 30 30 
3 3 3 17 30 30 30 30 
3 5 11 23 30 30 30 30 
2 3 9 20 29 30 30 30 
2 3 3 11 30 30 30 30 
2 2 2 7 23 30 30 30 
2 3 5 27 30 30 30 30 
2 4 8 26 30 30 30 30 
3 3 4 12 29 29 30 30 
2 3 9 21 30 30 30 30 
2 2 3 18 30 30 30 30 
2 4 6 16 28 28 29 30 
3 4 8 22 30 30 30 30 
2 3 8 15 30 30 30 30 
2 3 3 12 30 30 30 30 
3 4 7 27 30 30 30 30 
2 2 4 15 23 29 30 30 
2 3 3 5 22 30 30 30 
2 4 10 29 30 30 30 30 
3 4 8 22 30 30 30 30 
2 3 10 18 30 30 30 30 
3 5 7 25 30 30 30 30 
2 3 6 13 30 30 30 30 
2 2 5 28 30 30 30 30 
2 2 2 23 30 30 30 30 
2 3 5 24 30 30 30 30 
3 3 3 19 30 30 30 30 
2 3 5 23 30 30 30 30 
2 2 4 20 30 30 30 30 
3 4 5 20 30 30 30 30 
2 2 5 20 30 30 30 30 
3 4 6 23 29 30 30 30 
2 2 7 28 30 30 30 30 
2 3 6 15 27 30 30 30 
3 4 6 20 29 30 30 30 
2 2 5 16 30 30 30 30 
2 2 7 19 28 30 30 30 
2 4 5 22 30 30 30 30 
2 2 4 18 30 30 30 30 
3 5 6 22 29 30 30 30 
3 4 6 9 21 25 29 30 
3 3 5 15 30 30 30 30 
2 5 7 29 30 30 30 30 
3 4 4 25 30 30 30 30 
3 3 4 7 30 30 30 30 
2 2 8 17 28 30 30 30 
3 4 6 9 27 30 30 30 
3 3 4 14 30 30 30 30 
2 2 2 19 30 30 30 30 
2 4 4 20 29 30 30 30 
2 2 3 4 20 27 30 30 
2 3 5 24 30 30 30 30 
2 4 6 24 30 30 30 30 
2 4 5 23 30 30 30 30 
2 2 2 11 30 30 30 30 
4 4 4 22 30 30 30 30 
3 5 7 21 30 30 30 30 
2 2 3 22 30 30 30 30 
2 6 9 19 30 30 30 30 
2 3 4 5 27 28 30 30 
2 3 9 22 30 30 30 30 
2 2 12 29 30 30 30 30 
2 2 4 20 30 30 30 30 
2 2 3 29 30 30 30 30 
2 2 3 15 30 30 30 30 
2 2 6 28 30 30 30 30 
2 3 8 25 30 30 30 30 
2 3 4 11 29 30 30 30 
2 3 6 19 30 30 30 30 
2 3 4 19 30 30 30 30 
2 4 7 27 30 30 30 30 
2 2 3 11 30 30 30 30 
2 2 4 17 30 30 30 30 
2 2 4 7 7 7 7 7 
3 4 7 23 30 30 30 30 
2 3 4 17 30 30 30 30 
2 2 5 21 30 30 30 30 
2 3 10 26 30 30 30 30 
2 4 5 21 29 30 30 30 
3 3 10 24 30 30 30 30 
2 2 2 23 30 30 30 30 
2 2 2 8 30 30 30 30 
2 2 5 6 29 30 30 30 
2 3 10 23 30 30 30 30 
3 3 7 16 28 30 30 30 
2 2 3 10 28 30 30 30 
4 5 7 22 30 30 30 30 
3 5 9 17 26 29 30 30 
2 2 3 24 30 30 30 30 
2 3 5 21 30 30 30 30 
3 3 4 23 30 30 30 30 
2 4 7 21 30 30 30 30 
3 4 8 15 30 30 30 30 
2 2 8 27 30 30 30 30 
2 2 4 19 30 30 30 30 
2 2 6 17 30 30 30 30 
2 2 5 29 30 30 30 30 
2 3 5 21 30 30 30 30 
2 2 3 18 30 30 30 30 
3 3 6 20 30 30 30 30 
2 2 3 11 30 30 30 30 
2 2 4 11 30 30 30 30 
2 2 4 12 30 30 30 30 
2 2 5 25 30 30 30 30 
3 4 4 19 30 30 30 30 
2 4 8 25 30 30 30 30 
2 2 5 18 23 30 30 30 
2 3 5 6 30 30 30 30 
2 2 4 14 30 30 30 30 
2 2 4 19 30 30 30 30 
2 3 5 7 19 30 30 30 
2 3 3 20 30 30 30 30 
2 2 2 6 30 30 30 30 
2 2 4 15 29 30 30 30 
2 2 9 30 30 30 30 30 
2 4 9 26 29 30 30 30 
2 2 3 17 30 30 30 30 
2 2 7 15 30 30 30 30 
3 4 8 25 30 30 30 30 
2 3 5 20 30 30 30 30 
2 2 3 12 30 30 30 30 
4 4 4 21 30 30 30 30 
3 3 8 23 30 30 30 30 
2 2 4 10 29 30 30 30 
3 5 9 26 30 30 30 30 
2 4 6 19 27 30 30 30 
2 4 7 17 30 30 30 30 
2 2 5 16 26 30 30 30 
2 2 5 21 30 30 30 30 
2 2 3 16 29 30 30 30 
2 2 4 18 30 30 30 30 
2 2 6 22 30 30 30 30 
2 2 6 22 30 30 30 30 
3 3 3 18 30 30 30 30 
2 2 3 22 30 30 30 30 
4 6 7 23 30 30 30 30 
2 3 4 14 30 30 30 30 
2 2 2 9 29 30 30 30 
2 3 4 9 23 30 30 30 
3 5 9 23 30 30 30 30 
2 5 7 25 30 30 30 30 
2 3 8 25 30 30 30 30 
2 3 5 11 14 16 16 16 
2 3 3 15 30 30 30 30 
2 3 5 11 24 30 30 30 
2 4 8 18 30 30 30 30 
2 2 3 23 30 30 30 30 
2 2 3 26 30 30 30 30 
2 2 4 18 23 29 30 30 
2 2 3 26 30 30 30 30 
3 3 4 12 30 30 30 30 
3 3 7 22 30 30 30 30 
3 5 9 27 29 30 30 30 
3 5 7 13 29 30 30 30 
2 4 5 23 30 30 30 30 
3 5 7 27 30 30 30 30 
2 3 4 17 29 30 30 30 
3 3 8 22 30 30 30 30 
2 3 3 12 30 30 30 30 
2 2 4 29 30 30 30 30 
3 4 5 8 29 30 30 30 
2 2 4 20 30 30 30 30 
3 4 9 23 30 30 30 30 
2 3 4 12 30 30 30 30 
3 4 5 18 29 30 30 30 
2 4 7 24 29 30 30 30 
2 4 5 7 10 27 30 30 
2 2 3 21 30 30 30 30 
2 2 8 12 30 30 30 30 
2 2 3 15 29 30 30 30 
2 3 4 17 30 30 30 30 
3 4 4 19 29 30 30 30 
3 4 7 14 30 30 30 30 
